16 
2021-12-01T16:00:00,1,3,88888888
2021-12-02T16:00:00,1,3,88888887
2021-12-02T11:00:00,2,3,88888387
2021-12-02T18:00:00,3,3,88562288
2021-11-04T18:15:00,3,3,87878387
2021-11-04T18:00:00,6,4,66554456
2021-12-04T18:30:00,1,4,98237845
2021-12-04T18:15:00,2,3,98237145
2021-12-04T18:00:00,3,3,98137845
2021-12-04T17:45:00,4,4,98137815
2021-12-04T17:30:00,5,2,98227145
2021-12-04T19:00:00,6,2,95247845
2021-12-04T18:00:00,7,5,97217845
2021-12-04T19:30:00,8,6,98437045
2021-12-04T19:45:00,9,8,96236845
2021-12-04T20:00:00,10,9,98277745